255 255 255      255 255 255      253 253 253
204 255 255      249 249 254      239 239 253
153 255 255      246 246 254      229 229 254
102 255 255      243 243 254      222 222 255
 51 255 255      242 242 254      218 218 255
  0 255 255      241 241 254      217 217 255

255 204 255      210 210 255      219 219 252
204 204 255      204 204 255      203 203 253
153 204 255      199 199 254      191 191 253
102 204 255      196 196 254      181 181 254
 51 204 255      194 194 254      176 176 254
  0 204 255      193 193 254      175 175 254

255 153 255      168 168 255      190 190 251
204 153 255      160 160 255      171 171 252
153 153 255      153 153 255      155 155 253
102 153 255      149 149 254      143 143 253
 51 153 255      146 146 254      136 136 253
  0 153 255      145 145 254      134 134 253

255 102 255      131 131 255      167 167 250
204 102 255      120 120 255      144 144 251
153 102 255      110 110 255      123 123 252
102 102 255      103 103 255      107 107 253
 51 102 255       99  99 254       97  97 253
  0 102 255       98  98 254       94  94 253

255  51 255      105 105 255      152 152 250
204  51 255       89  89 255      126 126 251
153  51 255       74  74 255      102 102 252
102  51 255       62  62 255       80  80 252
 51  51 255       54  54 255       65  65 253
  0  51 255       51  51 255       60  60 253

255   0 255       96  96 255      148 148 250
204   0 255       77  77 255      121 121 251
153   0 255       59  59 255       94  94 252
102   0 255       42  42 255       70  70 252
 51   0 255       27  27 255       51  51 252
  0   0 255       21  21 255       44  44 253

255 255 204      255 255 204      253 253 203
204 255 204      249 249 204      239 239 205
153 255 204      246 246 203      229 229 205
102 255 204      243 243 203      222 222 206
 51 255 204      242 242 203      218 218 206
  0 255 204      241 241 203      217 217 206

255 204 204      210 210 204      219 219 202
204 204 204      204 204 204      203 203 203
153 204 204      199 199 204      191 191 204
102 204 204      196 196 204      181 181 205
 51 204 204      194 194 204      176 176 205
  0 204 204      193 193 203      175 175 205

255 153 204      168 168 204      190 190 201
204 153 204      160 160 204      171 171 202
153 153 204      153 153 204      155 155 203
102 153 204      149 149 204      143 143 204
 51 153 204      146 146 204      136 136 204
  0 153 204      145 145 204      134 134 204

255 102 204      131 131 204      167 167 200
204 102 204      120 120 204      144 144 202
153 102 204      110 110 204      123 123 203
102 102 204      103 103 204      107 107 203
 51 102 204       99  99 204       97  97 204
  0 102 204       98  98 204       94  94 204

255  51 204      105 105 204      152 152 200
204  51 204       89  89 204      126 126 201
153  51 204       74  74 204      102 102 202
102  51 204       62  62 204       80  80 203
 51  51 204       54  54 204       65  65 203
  0  51 204       51  51 204       60  60 203

255   0 204       96  96 204      148 148 200
204   0 204       77  77 204      121 121 201
153   0 204       59  59 204       94  94 202
102   0 204       42  42 204       70  70 203
 51   0 204       27  27 204       51  51 203
  0   0 204       21  21 204       44  44 203

255 255 153      255 255 153      253 253 155
204 255 153      249 249 153      239 239 156
153 255 153      246 246 153      229 229 158
102 255 153      243 243 153      222 222 158
 51 255 153      242 242 152      218 218 159
  0 255 153      241 241 152      217 217 159

255 204 153      210 210 154      219 219 153
204 204 153      204 204 153      203 203 155
153 204 153      199 199 153      191 191 156
102 204 153      196 196 153      181 181 157
 51 204 153      194 194 153      176 176 157
  0 204 153      193 193 153      175 175 157

255 153 153      168 168 154      190 190 152
204 153 153      160 160 154      171 171 153
153 153 153      153 153 153      155 155 155
102 153 153      149 149 153      143 143 155
 51 153 153      146 146 153      136 136 156
  0 153 153      145 145 153      134 134 156

255 102 153      131 131 154      167 167 151
204 102 153      120 120 154      144 144 152
153 102 153      110 110 153      123 123 154
102 102 153      103 103 153      107 107 155
 51 102 153       99  99 153       97  97 155
  0 102 153       98  98 153       94  94 155

255  51 153      105 105 154      152 152 150
204  51 153       89  89 154      126 126 152
153  51 153       74  74 154      102 102 153
102  51 153       62  62 153       80  80 154
 51  51 153       54  54 153       65  65 155
  0  51 153       51  51 153       60  60 155

255   0 153       96  96 154      148 148 150
204   0 153       77  77 154      121 121 152
153   0 153       59  59 154       94  94 153
102   0 153       42  42 153       70  70 154
 51   0 153       27  27 153       51  51 154
  0   0 153       21  21 153       44  44 155

255 255 102      255 255 103      253 253 107
204 255 102      249 249 102      239 239 110
153 255 102      246 246 102      229 229 112
102 255 102      243 243 102      222 222 113
 51 255 102      242 242 102      218 218 114
  0 255 102      241 241 102      217 217 114

255 204 102      210 210 104      219 219 105
204 204 102      204 204 103      203 203 107
153 204 102      199 199 103      191 191 109
102 204 102      196 196 102      181 181 111
 51 204 102      194 194 102      176 176 111
  0 204 102      193 193 102      175 175 111

255 153 102      168 168 104      190 190 102
204 153 102      160 160 103      171 171 105
153 153 102      153 153 103      155 155 107
102 153 102      149 149 103      143 143 109
 51 153 102      146 146 103      136 136 109
  0 153 102      145 145 103      134 134 110

255 102 102      131 131 104      167 167 101
204 102 102      120 120 104      144 144 104
153 102 102      110 110 103      123 123 106
102 102 102      103 103 103      107 107 107
 51 102 102       99  99 103       97  97 108
  0 102 102       98  98 103       94  94 108

255  51 102      105 105 104      152 152 100
204  51 102       89  89 104      126 126 103
153  51 102       74  74 103      102 102 105
102  51 102       62  62 103       80  80 107
 51  51 102       54  54 103       65  65 107
  0  51 102       51  51 103       60  60 107

255   0 102       96  96 104      148 148 100
204   0 102       77  77 104      121 121 103
153   0 102       59  59 103       94  94 105
102   0 102       42  42 103       70  70 106
 51   0 102       27  27 103       51  51 107
  0   0 102       21  21 103       44  44 107

255 255  51      255 255  54      253 253  65
204 255  51      249 249  53      239 239  70
153 255  51      246 246  52      229 229  73
102 255  51      243 243  51      222 222  75
 51 255  51      242 242  51      218 218  76
  0 255  51      241 241  51      217 217  76

255 204  51      210 210  55      219 219  60
204 204  51      204 204  54      203 203  65
153 204  51      199 199  53      191 191  68
102 204  51      196 196  52      181 181  71
 51 204  51      194 194  52      176 176  72
  0 204  51      193 193  52      175 175  72

255 153  51      168 168  56      190 190  55
204 153  51      160 160  55      171 171  61
153 153  51      153 153  54      155 155  65
102 153  51      149 149  53      143 143  67
 51 153  51      146 146  53      136 136  68
  0 153  51      145 145  53      134 134  69

255 102  51      131 131  56      167 167  52
204 102  51      120 120  55      144 144  58
153 102  51      110 110  54      123 123  62
102 102  51      103 103  54      107 107  65
 51 102  51       99  99  54       97  97  66
  0 102  51       98  98  53       94  94  67

255  51  51      105 105  57      152 152  51
204  51  51       89  89  56      126 126  57
153  51  51       74  74  55      102 102  61
102  51  51       62  62  54       80  80  63
 51  51  51       54  54  54       65  65  65
  0  51  51       51  51  54       60  60  65

255   0  51       96  96  57      148 148  50
204   0  51       77  77  56      121 121  56
153   0  51       59  59  55       94  94  60
102   0  51       42  42  54       70  70  63
 51   0  51       27  27  54       51  51  64
  0   0  51       21  21  54       44  44  65

255 255   0      255 255  21      253 253  44
204 255   0      249 249  17      239 239  52
153 255   0      246 246  12      229 229  56
102 255   0      243 243   8      222 222  59
 51 255   0      242 242   4      218 218  60
  0 255   0      241 241   0      217 217  61

255 204   0      210 210  24      219 219  36
204 204   0      204 204  21      203 203  44
153 204   0      199 199  18      191 191  50
102 204   0      196 196  15      181 181  53
 51 204   0      194 194  14      176 176  55
  0 204   0      193 193  13      175 175  55

255 153   0      168 168  26      190 190  27
204 153   0      160 160  23      171 171  38
153 153   0      153 153  21      155 155  44
102 153   0      149 149  19      143 143  48
 51 153   0      146 146  18      136 136  50
  0 153   0      145 145  17      134 134  50

255 102   0      131 131  27      167 167  18
204 102   0      120 120  25      144 144  33
153 102   0      110 110  22      123 123  40
102 102   0      103 103  21      107 107  44
 51 102   0       99  99  20       97  97  46
  0 102   0       98  98  19       94  94  47

255  51   0      105 105  28      152 152   9
204  51   0       89  89  25      126 126  30
153  51   0       74  74  23      102 102  38
102  51   0       62  62  22       80  80  42
 51  51   0       54  54  21       65  65  44
  0  51   0       51  51  20       60  60  45

255   0   0       96  96  28      148 148   0
204   0   0       77  77  26      121 121  29
153   0   0       59  59  23       94  94  37
102   0   0       42  42  22       70  70  42
 51   0   0       27  27  21       51  51  44
  0   0   0       21  21  21       44  44  44

238   0   0       89  89  27      139 139  18
221   0   0       83  83  27      130 130  24
187   0   0       71  71  25      112 112  32
170   0   0       65  65  24      103 103  35
136   0   0       53  53  23       86  86  39
119   0   0       48  48  22       78  78  40
 85   0   0       37  37  21       63  63  43
 68   0   0       32  32  21       57  57  43
 34   0   0       24  24  21       47  47  44
 17   0   0       21  21  21       45  45  44

  0 238   0      225 225   8      203 203  59
  0 221   0      209 209  11      189 189  57
  0 187   0      177 177  15      161 161  53
  0 170   0      161 161  16      147 147  52
  0 136   0      129 129  18      120 120  49
  0 119   0      114 114  19      107 107  48
  0  85   0       82  82  20       82  82  46
  0  68   0       67  67  20       70  70  45
  0  34   0       37  37  21       51  51  45
  0  17   0       25  25  21       46  46  44

  0   0 238       21  21 238       44  44 236
  0   0 221       21  21 221       44  44 220
  0   0 187       21  21 187       44  44 187
  0   0 170       21  21 170       44  44 171
  0   0 136       21  21 136       44  44 139
  0   0 119       21  21 120       44  44 123
  0   0  85       21  21  86       44  44  92
  0   0  68       21  21  70       44  44  78
  0   0  34       21  21  39       44  44  54
  0   0  17       21  21  26       44  44  47

238 238 238      238 238 238      236 236 236
221 221 221      221 221 221      220 220 220
187 187 187      187 187 187      187 187 187
170 170 170      170 170 170      171 171 171
136 136 136      136 136 136      139 139 139
119 119 119      120 120 120      123 123 123
 85  85  85       86  86  86       92  92  92
 68  68  68       70  70  70       78  78  78
 34  34  34       39  39  39       54  54  54
 17  17  17       26  26  26       47  47  47
